50
46 43
9 10
00000000010010001100000000001000010000000000000000
00000000000000000000000000000000000000000100000100
10100000010001000001000000000000000000000000000100
00010001000000000100000000000000100000000000000000
10000100000000000000000000001001000000000000000000
00100000000000000000000000000001000000000011000000
00001000000001000000000000000000000000000000000000
00000000001000000000000000000000000001001100000000
00100000000000001000001010100000100000000000000000
00000000010010001100000000001000010000000000000000
00000000000000000000000000000000000000000100000100
10100000010001000001000000000000000000000000000100
00010001000000000100000000000000100000000000000000
10000100000000000000000000001001000000000000000000
00100000000000000000000000000001000000000011000000
00001000000001000000000000000000000000000000000000
00000000001000000000000000000000000001001100000000
00100000000000001000001010100000100000000000000000
00000000010010001100000000001000010000000000000000
00000000000000000000000000000000000000000100000100
10100000010001000001000000000000000000000000000100
00010001000000000100000000000000100000000000000000
10000100000000000000000000001001000000000000000000
00100000000000000000000000000001000000000011000000
00001000000001000000000000000000000000000000000000
00000000001000000000000000000000000001001100000000
00100000000000001000001010100000100000000000000000
00000000010010001100000000001000010000000000000000
00000000000000000000000000000000000000000100000100
10100000010001000001000000000000000000000000000100
00010001000000000100000000000000100000000000000000
10000100000000000000000000001001000000000000000000
00100000000000000000000000000001000000000011000000
00001000000001000000000000000000000000000000000000
00000000001000000000000000000000000001001100000000
00100000000000001000001010100000100000000000000000
00000000010010001100000000001000010000000000000000
00000000000000000000000000000000000000000100000100
10100000010001000001000000000000000000000000000100
00010001000000000100000000000000100000000000000000
10000100000000000000000000001001000000000000000000
00100000000000000000000000000001000000000011000000
00001000000001000000000000000000000000000000000000
00000000001000000000000000000000000001001100000000
00100000000000001000001010100000100000000000000000
00000000010010001100000000001000010000000000000000
00000000000000000000000000000000000000000100000100
10100000010001000001000000000000000000000000000100
00010001000000000100000000000000100000000000000000
10000100000000000000000000001001000000000000000000
